299.7414
300.0172
299.9483
297.5
235.1034
299.7931
300.3965
301.5345
300.9655
300.3621
186.1897
105.4483
178.6034
106.931
179.0862
109.1379
175.6034
108.7414
174.3448
111.1034
174.2414
112.3276
174.1207
109.6034
178.6379
112.2414
175.9655
114.4655
303.7241
211.7931
304.0
302.1034
299.6897
206.069
68.67242
129.6379
156.2414
127.5345
159.4483
126.0517
159.8448
201.6552
127.2069
158.2931
127.3793
75.24138
210.0862
121.8793
162.7069
121.2241
162.9483
120.931
163.0862
121.931
162.069
122.0172
147.2586
137.0172
146.069
138.4483
144.931
138.5172
143.9828
139.6207
143.6724
140.931
143.3965
141.0
138.6379
145.069
140.2241
145.2586
139.6896
144.2414
138.2759
146.2586
139.3965
145.1724
138.6034
61.37931
131.4138
152.4655
131.0517
151.6724
134.0517
150.2931
132.3965
152.1379
132.0862
151.3965
134.1035
150.0517
133.8448
150.2759
132.6896
149.6035
136.6207
147.4138
135.2414
150.0172
134.3621
148.2414
137.1207
146.4138
135.6035
148.6207
133.6207
150.5172
134.9138
149.3448
135.3621
149.0345
135.8965
77.81035
205.6896
300.0172
299.6724
301.1724
299.9138
226.8103
300.3793
300.069
298.4138
299.2931
299.1897
165.9138
120.0172
165.1379
118.2414
164.0
120.5862
163.2586
121.3793
163.2931
120.8621
163.431
123.0345
73.46551
209.3276
80.24138
204.1207
84.72414
198.5862
88.98276
193.7759
92.79311
191.0
95.24138
118.0517
165.4483
63.5
217.7931
300.0
300.9483
299.2069
295.8965
300.569
297.9827
301.3103
299.6034
298.7586
196.9483
90.10345
193.8965
91.79311
190.3103
97.15518
185.8621
100.0172
184.7931
103.8448
180.069
105.5
178.9655
107.1724
177.069
110.3276
174.3621
111.1897
172.4138
112.8448
171.7586
112.8103
172.5517
116.4483
165.9655
117.2241
167.3793
116.9483
167.3103
116.7069
166.3276
119.1207
165.0345
118.569
75.20689
208.2414
300.5345
299.2586
301.1724
300.4483
251.7241
300.2414
300.4483
300.4655
300.4655
300.069
179.0172
107.5172
173.9828
109.431
175.4138
110.6724
172.8621
112.431
172.2759
111.8104
171.069
114.069
62.36207
97.03448
108.3103
175.2931
109.8103
172.5517
112.5172
171.8621
111.931
173.1724
111.3104
173.5172
55.2931
228.0
300.2931
299.6552
299.3965
299.8448
216.7241
299.3621
298.7758
299.8276
300.2759
299.6724
209.1207
300.3965
299.9138
299.7586
300.069
299.1897
126.6379
157.2759
126.9828
157.2414
125.1379
158.431
125.8965
158.7586
124.5862
158.6207
125.1207
158.2241
122.5
160.8965
123.2759
162.2931
121.1379
162.1379
121.2414
161.7759
123.2241
160.569
122.3966
74.0
209.4827
299.2931
299.6552
301.3793
299.2759
222.3448
301.0862
300.8965
301.1552
299.6724
301.0
173.9828
112.8793
170.7069
112.9483
169.7241
115.2241
167.569
114.6724
169.5345
114.5345
168.6552
115.8276
55.08621
101.6207
111.8276
172.3276
110.8276
172.569
112.4138
170.9483
113.2241
170.6035
115.0
167.7414
77.4138
175.6034
110.5517
173.5517
112.3621
175.1552
114.6552
195.0345
306.2242
303.8793
179.8793
113.7931
171.3103
114.4828
171.5862
113.6724
140.4483
143.1379
142.4138
143.2414
140.1379
143.4483
140.2069
142.5
140.7931
143.0517
140.3793
143.7241
140.6207
144.3276
142.0517
141.6379
142.5862
141.2586
142.6724
140.3448
143.6552
141.0862
142.6379
71.67242
212.8103
301.1034
300.569
299.8276
300.2586
237.7931
299.6724
298.4828
300.2241
300.9138
299.1897
162.4655
123.6379
159.7931
123.2931
161.1724
122.6379
162.8448
120.5172
162.6207
121.0517
163.0172
121.569
163.3448
119.8103
165.2414
118.8276
163.2586
122.2414
161.4655
120.6207
162.5345
122.2931
162.931
70.81035
214.4483
58.91379
149.2069
105.9138
60.53448
60.77587
147.8621
95.74138
151.1207
92.63793
191.7241
95.51724
93.63793
188.1724
100.2586
184.0345
100.7586
183.4138
103.2414
180.7759
105.3793
179.8276
105.7069
169.1896
118.1207
165.0517
117.4828
167.0
116.2931
167.3276
117.6552
165.1379
116.1552
168.4483
116.1896
60.82759
94.39655
113.6207
169.8276
114.0517
170.3793
113.6896
168.8965
117.3448
166.8448
114.3276
171.1896
70.17242
212.5862
299.3793
299.7586
299.5862
301.3793
217.6724
300.1034
300.7931
300.1897
300.0345
298.8621
162.0345
122.2241
162.6034
122.9483
161.5172
122.069
161.0172
124.6897
159.8103
125.0172
157.4828
124.6552
70.7069
213.069
300.431
300.5172
299.7931
299.5345
218.0
300.1724
299.2241
300.1034
298.7242
