301.3965
238.1552
300.5345
300.2069
300.431
300.2241
205.7931
300.069
301.2586
300.6724
56.51724
300.4483
299.9483
299.6034
300.4483
302.6207
299.9483
299.9655
41.5
149.6897
150.6207
158.5172
155.2241
163.3965
159.5862
153.6552
154.7069
155.6379
153.0862
153.3621
148.6034
151.5345
141.6896
165.7586
152.0862
154.5517
145.2586
294.362
146.431
300.4138
145.1379
166.8621
120.0345
153.8103
147.4828
152.9655
148.5517
147.9655
161.5517
150.6034
56.37931
299.7069
300.3965
299.9828
300.3276
300.431
300.3965
155.1724
300.3448
49.48276
301.2758
300.3965
300.8276
300.7758
299.9138
300.2241
300.4655
300.4483
299.8276
300.431
56.13793
301.2241
300.3276
300.3103
154.7931
300.2586
300.3448
301.7069
300.7758
69.46552
149.6379
155.4828
346.4483
154.6724
68.06896
146.9655
149.1552
145.2241
152.1896
149.7069
148.3448
152.6379
129.2069
149.7931
145.7759
302.9138
144.3276
111.2759
144.2241
160.9828
147.5172
151.1034
146.4138
152.0862
156.7241
50.51724
159.569
158.8621
156.8103
164.6552
165.7759
158.4138
159.3793
300.4483
300.5
65.89655
300.1724
301.7241
300.0172
300.3276
300.8448
300.8793
301.1034
303.1207
302.6035
300.2759
298.5172
300.3793
104.1034
300.7758
300.069
302.1034
300.1724
300.3103
300.2069
300.0517
300.1379
299.8103
300.1379
68.51724
300.1724
300.3793
299.9483
300.7758
300.431
300.3965
299.9828
300.2069
299.6034
300.5517
301.1379
300.3448
113.0
300.5345
300.8103
301.8276
180.0862
181.9483
300.1379
62.60345
169.8103
171.7759
170.0345
175.1034
192.5345
169.8793
159.5172
156.7931
156.1896
172.6724
162.2414
176.3103
159.9483
307.5517
165.431
111.2414
158.8793
156.1896
157.9483
162.0517
164.3276
299.9655
152.3103
86.7069
165.3793
288.0172
299.8103
300.3965
170.0345
300.1207
299.8621
56.82759
109.8966
47.65518
300.0172
300.8965
300.0517
59.93104
299.9138
300.1034
301.2241
300.8621
300.0
300.2931
299.4655
299.9483
300.7414
300.7586
300.931
301.1552
108.1379
299.9655
299.5172
300.3965
300.3276
300.6552
300.3276
172.2586
167.8793
172.5
171.2241
171.069
177.6034
178.6552
164.7586
165.1724
291.362
164.3276
165.8793
167.9483
164.7931
168.2759
170.6379
167.1896
166.6034
172.4483
166.1207
171.9655
167.3621
167.2241
166.1724
167.1552
167.1034
306.8276
192.431
299.5
300.0517
300.0
300.1379
300.3621
300.7758
300.1724
300.6552
299.7758
300.2586
102.6379
299.5862
300.3793
299.931
300.1207
300.1897
300.2586
299.3621
300.1379
300.0345
300.1379
299.9138
58.31035
52.32759
300.2931
301.1379
300.7586
300.6207
299.3103
300.7931
45.18966
299.4483
301.1897
299.9828
299.931
301.7414
300.6896
299.2759
300.3448
299.9828
300.2414
44.05172
59.51725
300.0
299.9828
57.53448
183.8965
299.8448
300.1724
300.6207
299.9138
299.9483
304.1207
304.6897
167.3448
42.56896
166.9138
166.1552
165.2414
164.0172
165.1207
166.6552
164.931
169.4828
166.4828
169.6552
164.7586
167.4655
162.2241
163.7414
175.7931
167.0517
171.2931
300.1724
168.6724
168.2069
167.6034
168.7414
168.9655
299.7414
300.2241
299.7586
300.8103
299.431
300.069
301.9828
300.6896
300.6379
300.2586
300.069
299.9828
110.4655
300.7414
300.1724
299.2759
300.1379
300.0172
300.3276
300.6034
300.3276
300.1897
300.2931
300.7586
300.0862
136.931
299.8621
301.3621
300.7241
300.6207
302.0345
300.2241
301.0517
300.3965
301.7241
301.9828
59.48276
300.6896
300.0345
300.3103
300.1897
158.6379
154.6552
155.3448
93.70689
156.2414
158.0517
155.7931
155.1724
162.5345
156.4138
156.0
156.069
154.2241
153.9138
156.8276
152.9483
115.7241
164.5862
164.2759
169.7759
164.5862
166.8965
169.1379
166.7241
163.2931
167.7069
166.2241
170.1724
173.5517
167.6552
168.8965
168.3965
165.4655
173.3103
63.05172
300.6724
300.1379
299.931
300.1034
301.6034
300.2931
300.1724
57.96552
172.5517
299.8276
300.8793
300.8793
301.2758
299.4483
300.2241
300.5
299.6897
299.5172
300.1897
59.41379
300.0862
300.2241
299.2586
300.1379
63.68966
299.8621
301.7414
299.9483
128.9828
299.8103
60.06896
300.0517
300.1897
300.3448
300.3276
40.03448
62.34483
300.7414
299.5
300.2931
299.7758
300.3103
49.81035
160.6724
157.5345
163.3276
162.2414
157.7414
156.3621
157.1896
156.9655
154.9138
155.9828
160.9655
157.3103
61.48276
155.931
156.8793
154.7931
152.0
300.7931
149.3448
150.8793
149.9138
163.7414
301.3621
149.7069
149.3621
154.2069
153.5862
153.5862
153.9655
154.2241
55.17241
86.74138
43.98276
53.36207
303.1897
153.8965
300.3621
300.2241
156.4483
300.0862
183.9483
45.03448
299.7931
300.1897
300.0172
300.569
300.0172
302.3621
301.2931
